     -3.0000000     -0.0000000     -0.0000000     -0.0000000     -0.0000000     -0.0000000
     -2.9880000     -0.0479886     -0.0958864     -0.4651321     -0.8467434     -1.1447697
     -2.9760000     -0.0959091     -0.1910925     -0.8469232     -1.1775447     -0.9648998
     -2.9640000     -0.1436932     -0.2849462     -1.0889255     -1.0497457     -0.9873476
     -2.9520000     -0.1912732     -0.3767909     -1.1781658     -0.9056890     -1.0323988
     -2.9400000     -0.2385813     -0.4659933     -1.1453969     -0.9648232     -0.9662096
     -2.9280000     -0.2855504     -0.5519509     -1.0497158     -1.0618988     -1.0235946
     -2.9160000     -0.3321137     -0.6340988     -0.9544689     -1.0304262     -0.9916273
     -2.9040000     -0.3782051     -0.7119163     -0.9044624     -0.9556360     -0.9940422
     -2.8920000     -0.4237590     -0.7849323     -0.9132648     -0.9718608     -1.0151319
     -2.8800000     -0.4687107     -0.8527313     -0.9645517     -1.0331259     -0.9827300
     -2.8680000     -0.5129964     -0.9149574     -1.0252769     -1.0267004     -1.0129789
     -2.8560000     -0.5565531     -0.9713186     -1.0636994     -0.9748689     -0.9952195
     -2.8440000     -0.5993189     -1.0215892     -1.0639419     -0.9744043     -0.9960644
     -2.8320000     -0.6412330     -1.0656126     -1.0311531     -1.0190293     -1.0100924
     -2.8200000     -0.6822359     -1.1033024     -0.9861523     -1.0246219     -0.9881260
     -2.8080000     -0.7222693     -1.1346426     -0.9533100     -0.9858653     -1.0091701
     -2.7960000     -0.7612763     -1.1596873     -0.9481346     -0.9763139     -0.9965757
     -2.7840000     -0.7992015     -1.1785595     -0.9705198     -1.0100636     -0.9969866
     -2.7720000     -0.8359909     -1.1914489     -1.0063515     -1.0227413     -1.0077759
     -2.7600000     -0.8715924     -1.1986084     -1.0359100     -0.9934144     -0.9907032
     -2.7480000     -0.9059554     -1.2003510     -1.0443391     -0.9782380     -1.0072881
     -2.7360000     -0.9390309     -1.1970445     -1.0288210     -1.0035547     -0.9972582
     -2.7240000     -0.9707720     -1.1891069     -0.9991233     -1.0207337     -0.9974877
     -2.7120000     -1.0011335     -1.1770000     -0.9717154     -0.9991255     -1.0065114
     -2.7000000     -1.0300724     -1.1612233     -0.9608509     -0.9803524     -0.9921326
     -2.6880000     -1.0575475     -1.1423071     -0.9713293     -0.9984792     -1.0062298
     -2.6760000     -1.0835198     -1.1208050     -0.9965296     -1.0184985     -0.9976448
     -2.6640000     -1.1079524     -1.0972868     -1.0224386     -1.0036769     -0.9977790
     -2.6520000     -1.1308104     -1.0723304     -1.0353097     -0.9827169     -1.0057764
     -2.6400000     -1.1520616     -1.0465143     -1.0288390     -0.9943734     -0.9929652
     -2.6280000     -1.1716756     -1.0204097     -1.0071719     -1.0159995     -1.0056133
     -2.6160000     -1.1896246     -0.9945728     -0.9823440     -1.0073934     -0.9978700
     -2.6040000     -1.2058830     -0.9695377     -0.9676850     -0.9853537     -0.9979448
     -2.5920000     -1.2204278     -0.9458088     -0.9707488     -0.9910057     -1.0053610
     -2.5800000     -1.2332384     -0.9238545     -0.9894769     -1.0132224     -0.9934281
     -2.5680000     -1.2442964     -0.9041008     -1.0135152     -1.0104417     -1.0052779
     -2.5560000     -1.2535862     -0.8869258     -1.0298764     -0.9882730     -0.9979912
     -2.5440000     -1.2610947     -0.8726542     -1.0298854     -0.9882558     -0.9980225
     -2.5320000     -1.2668110     -0.8615539     -1.0137316     -1.0101589     -1.0051722
     -2.5200000     -1.2707271     -0.8538314     -0.9902630     -1.0129080     -0.9936219
     -2.5080000     -1.2728374     -0.8496301     -0.9721855     -0.9914831     -1.0051524
     -2.4960000     -1.2731390     -0.8490274     -0.9692477     -0.9860631     -0.9980335
     -2.4840000     -1.2716314     -0.8520346     -0.9830318     -1.0067989     -0.9980274
     -2.4720000     -1.2683167     -0.8585960     -1.0061094     -1.0148330     -1.0051731
     -2.4600000     -1.2631997     -0.8685903     -1.0260080     -0.9949979     -0.9935839
     -2.4480000     -1.2562876     -0.8818315     -1.0318900     -0.9844032     -1.0052131
     -2.4360000     -1.2475902     -0.8980721     -1.0203998     -1.0031226     -0.9980051
     -2.4240000     -1.2371199     -0.9170057     -0.9975559     -1.0162272     -0.9979604
     -2.4120000     -1.2248917     -0.9382715     -0.9756322     -0.9988452     -1.0053641
     -2.4000000     -1.2109228     -0.9614590     -0.9666306     -0.9832781     -0.9933070
     -2.3880000     -1.1952331     -0.9861131     -0.9757790     -0.9990910     -1.0054712
     -2.3760000     -1.1778449     -1.0117407     -0.9985412     -1.0170767     -0.9979005
     -2.3640000     -1.1587829     -1.0378170     -1.0228209     -1.0030792     -0.9978085
     -2.3520000     -1.1380742     -1.0637922     -1.0353109     -0.9827145     -1.0057822
     -2.3400000     -1.1157483     -1.0890992     -1.0286943     -0.9946296     -0.9927364
     -2.3280000     -1.0918368     -1.1131612     -1.0058513     -1.0173400     -1.0059789
     -2.3160000     -1.0663738     -1.1353992     -0.9786992     -1.0078026     -0.9976987
     -2.3040000     -1.0393954     -1.1552398     -0.9620796     -0.9827713     -0.9975382
     -2.2920000     -1.0109400     -1.1721232     -0.9657782     -0.9895961     -1.0065213
     -2.2800000     -0.9810479     -1.1855105     -0.9888974     -1.0169360     -0.9917397
     -2.2680000     -0.9497618     -1.1948912     -1.0197397     -1.0132136     -1.0068580
     -2.2560000     -0.9171259     -1.1997902     -1.0415703     -0.9835598     -0.9973505
     -2.2440000     -0.8831868     -1.1997741     -1.0414910     -0.9837117     -0.9970743
     -2.2320000     -0.8479926     -1.1944578     -1.0178277     -1.0157110     -1.0077933
     -2.2200000     -0.8115934     -1.1835095     -0.9819314     -1.0197113     -0.9900165
     -2.2080000     -0.7740409     -1.1666559     -0.9530021     -0.9852951     -1.0083880
     -2.1960000     -0.7353884     -1.1436856     -0.9481738     -0.9763909     -0.9967435
     -2.1840000     -0.6956909     -1.1144534     -0.9728073     -1.0133573     -0.9962321
     -2.1720000     -0.6550048     -1.0788819     -1.0162473     -1.0281815     -1.0101260
     -2.1600000     -0.6133878     -1.0369635     -1.0558773     -0.9884308     -0.9867954
     -2.1480000     -0.5708992     -0.9887613     -1.0681906     -0.9662384     -1.0113104
     -2.1360000     -0.5275994     -0.9344087     -1.0417700     -1.0091812     -0.9955773
     -2.1240000     -0.4835498     -0.8741083     -0.9855095     -1.0409450     -0.9944398
     -2.1120000     -0.4388130     -0.8081305     -0.9270976     -0.9940780     -1.0152149
     -2.1000000     -0.3934527     -0.7368101     -0.9011403     -0.9490967     -0.9794392
     -2.0880000     -0.3475332     -0.6605435     -0.9314124     -1.0012980     -1.0183417
     -2.0760000     -0.3011199     -0.5797835     -1.0151457     -1.0662823     -0.9927510
     -2.0640000     -0.2542786     -0.4950351     -1.1172073     -1.0056489     -0.9887302
     -2.0520000     -0.2070761     -0.4068490     -1.1782507     -0.9055200     -1.0328075
     -2.0400000     -0.1595792     -0.3158161     -1.1349367     -0.9833306     -0.9498058
     -2.0280000     -0.1118556     -0.2225602     -0.9447353     -1.1659846     -1.0527684
     -2.0160000     -0.0639731     -0.1277308     -0.6052179     -1.0252124     -0.9834705
     -2.0040000     -0.0159996     -0.0319958     -0.1594410     -0.3155449     -0.7330592
     -1.9920000      0.0319966      0.0639663      0.3155531      0.6051571      1.1342686
     -1.9800000      0.0799474      0.1594745      0.7332026      1.1344146      0.9027566
     -1.9680000      0.1277845      0.2538529      1.0255630      1.1168511      1.0539088
     -1.9560000      0.1754400      0.3464388      1.1642811      0.9323619      0.9827958
     -1.9440000      0.2228463      0.4365906      1.1665629      0.9279911      0.9907399
     -1.9320000      0.2699358      0.5236946      1.0844984      1.0404939      1.0233870
     -1.9200000      0.3166418      0.6071726      0.9828253      1.0543319      0.9744798
     -1.9080000      0.3628978      0.6864884      0.9145784      0.9742926      1.0184665
     -1.8960000      0.4086381      0.7611539      0.9042956      0.9553086      0.9933280
     -1.8840000      0.4537977      0.8307345      0.9446278      1.0162690      0.9949317
     -1.8720000      0.4983124      0.8948539      1.0061643      1.0383974      1.0129200
     -1.8600000      0.5421190      0.9531985      1.0547808      0.9903719      0.9850630
     -1.8480000      0.5851553      1.0055201      1.0681997      0.9662203      1.0113542
     -1.8360000      0.6273599      1.0516391      1.0446726      1.0046449      0.9957938
     -1.8240000      0.6686731      1.0914453      1.0009278      1.0301034      0.9964428
     -1.8120000      0.7090361      1.1248995      0.9616586      0.9992632      1.0091436
     -1.8000000      0.7483914      1.1520323      0.9464525      0.9730025      0.9891743
     -1.7880000      0.7866833      1.1729443      0.9606506      0.9975762      1.0084092
     -1.7760000      0.8238572      1.1878029      0.9941343      1.0242560      0.9968507
     -1.7640000      0.8598604      1.1968404      1.0278745      1.0050341      0.9971857
     -1.7520000      0.8946417      1.2003504      1.0443362      0.9782439      1.0072738
     -1.7400000      0.9281517      1.1986828      1.0362681      0.9927804      0.9912693
     -1.7280000      0.9603427      1.1922396      1.0096239      1.0194207      1.0068699
     -1.7160000      0.9911690      1.1814687      0.9795748      1.0090634      0.9974108
     -1.7040000      1.0205868      1.1668578      0.9620946      0.9828008      0.9976025
     -1.6920000      1.0485543      1.1489276      0.9656602      0.9893776      1.0062215
     -1.6800000      1.0750317      1.1282248      0.9872837      1.0150578      0.9924614
     -1.6680000      1.0999815      1.1053147      1.0146680      1.0119366      1.0059858
     -1.6560000      1.1233681      1.0807732      1.0330669      0.9870271      0.9977340
     -1.6440000      1.1451583      1.0551797      1.0330990      0.9869657      0.9978457
     -1.6320000      1.1653213      1.0291086      1.0154401      1.0109280      1.0056086
     -1.6200000      1.1838282      1.0031218      0.9900902      1.0139363      0.9931539
     -1.6080000      1.2006528      0.9777618      0.9707937      0.9910888      1.0054750
     -1.5960000      1.2157713      0.9535435      0.9676793      0.9853425      0.9979203
     -1.5840000      1.2291621      0.9309482      0.9820112      1.0069141      0.9979794
     -1.5720000      1.2408062      0.9104165      1.0057393      1.0152087      1.0052756
     -1.5600000      1.2506870      0.8923431      1.0259674      0.9950698      0.9935197
     -1.5480000      1.2587905      0.8770711      1.0318903      0.9844026      1.0052147
     -1.5360000      1.2651052      0.8648876      1.0205070      1.0029550      0.9980134
     -1.5240000      1.2696221      0.8560201      0.9981195      1.0158288      0.9980319
     -1.5120000      1.2723349      0.8506331      0.9768778      0.9990155      1.0051521
     -1.5000000      1.2732395      0.8488264      0.9682476      0.9840944      0.9936344
     -1.4880000      1.2723349      0.8506331      0.9768778      0.9990155      1.0051521
     -1.4760000      1.2696221      0.8560201      0.9981195      1.0158288      0.9980319
     -1.4640000      1.2651052      0.8648876      1.0205070      1.0029550      0.9980134
     -1.4520000      1.2587905      0.8770711      1.0318903      0.9844026      1.0052147
     -1.4400000      1.2506870      0.8923431      1.0259674      0.9950698      0.9935197
     -1.4280000      1.2408062      0.9104165      1.0057393      1.0152087      1.0052756
     -1.4160000      1.2291621      0.9309482      0.9820112      1.0069141      0.9979794
     -1.4040000      1.2157713      0.9535435      0.9676793      0.9853425      0.9979203
     -1.3920000      1.2006528      0.9777618      0.9707937      0.9910888      1.0054750
     -1.3800000      1.1838282      1.0031218      0.9900902      1.0139363      0.9931539
     -1.3680000      1.1653213      1.0291086      1.0154401      1.0109280      1.0056086
     -1.3560000      1.1451583      1.0551797      1.0330990      0.9869657      0.9978457
     -1.3440000      1.1233681      1.0807732      1.0330669      0.9870271      0.9977340
     -1.3320000      1.0999815      1.1053147      1.0146680      1.0119366      1.0059858
     -1.3200000      1.0750317      1.1282248      0.9872837      1.0150578      0.9924614
     -1.3080000      1.0485543      1.1489276      0.9656602      0.9893776      1.0062215
     -1.2960000      1.0205868      1.1668578      0.9620946      0.9828008      0.9976025
     -1.2840000      0.9911690      1.1814687      0.9795748      1.0090634      0.9974108
     -1.2720000      0.9603427      1.1922396      1.0096239      1.0194207      1.0068699
     -1.2600000      0.9281517      1.1986828      1.0362681      0.9927804      0.9912693
     -1.2480000      0.8946417      1.2003504      1.0443362      0.9782439      1.0072738
     -1.2360000      0.8598604      1.1968404      1.0278745      1.0050341      0.9971857
     -1.2240000      0.8238572      1.1878029      0.9941343      1.0242560      0.9968507
     -1.2120000      0.7866833      1.1729443      0.9606506      0.9975762      1.0084092
     -1.2000000      0.7483914      1.1520323      0.9464525      0.9730025      0.9891743
     -1.1880000      0.7090361      1.1248995      0.9616586      0.9992632      1.0091436
     -1.1760000      0.6686731      1.0914453      1.0009278      1.0301034      0.9964428
     -1.1640000      0.6273599      1.0516391      1.0446726      1.0046449      0.9957938
     -1.1520000      0.5851553      1.0055201      1.0681997      0.9662203      1.0113542
     -1.1400000      0.5421190      0.9531985      1.0547808      0.9903719      0.9850630
     -1.1280000      0.4983124      0.8948539      1.0061643      1.0383974      1.0129200
     -1.1160000      0.4537977      0.8307345      0.9446278      1.0162690      0.9949317
     -1.1040000      0.4086381      0.7611539      0.9042956      0.9553086      0.9933280
     -1.0920000      0.3628978      0.6864884      0.9145784      0.9742926      1.0184665
     -1.0800000      0.3166418      0.6071726      0.9828253      1.0543319      0.9744798
     -1.0680000      0.2699358      0.5236946      1.0844984      1.0404939      1.0233870
     -1.0560000      0.2228463      0.4365906      1.1665629      0.9279911      0.9907399
     -1.0440000      0.1754400      0.3464388      1.1642811      0.9323619      0.9827958
     -1.0320000      0.1277845      0.2538529      1.0255630      1.1168511      1.0539088
     -1.0200000      0.0799474      0.1594745      0.7332026      1.1344146      0.9027566
     -1.0080000      0.0319966      0.0639663      0.3155531      0.6051571      1.1342686
     -0.9960000     -0.0159996     -0.0319958     -0.1594410     -0.3155449     -0.7330592
     -0.9840000     -0.0639731     -0.1277308     -0.6052179     -1.0252124     -0.9834705
     -0.9720000     -0.1118556     -0.2225602     -0.9447353     -1.1659846     -1.0527684
     -0.9600000     -0.1595792     -0.3158161     -1.1349367     -0.9833306     -0.9498058
     -0.9480000     -0.2070761     -0.4068490     -1.1782507     -0.9055200     -1.0328075
     -0.9360000     -0.2542786     -0.4950351     -1.1172073     -1.0056489     -0.9887302
     -0.9240000     -0.3011199     -0.5797835     -1.0151457     -1.0662823     -0.9927510
     -0.9120000     -0.3475332     -0.6605435     -0.9314124     -1.0012980     -1.0183417
     -0.9000000     -0.3934527     -0.7368101     -0.9011403     -0.9490967     -0.9794392
     -0.8880000     -0.4388130     -0.8081305     -0.9270976     -0.9940780     -1.0152149
     -0.8760000     -0.4835498     -0.8741083     -0.9855095     -1.0409450     -0.9944398
     -0.8640000     -0.5275994     -0.9344087     -1.0417700     -1.0091812     -0.9955773
     -0.8520000     -0.5708992     -0.9887613     -1.0681906     -0.9662384     -1.0113104
     -0.8400000     -0.6133878     -1.0369635     -1.0558773     -0.9884308     -0.9867954
     -0.8280000     -0.6550048     -1.0788819     -1.0162473     -1.0281815     -1.0101260
     -0.8160000     -0.6956909     -1.1144534     -0.9728073     -1.0133573     -0.9962321
     -0.8040000     -0.7353884     -1.1436856     -0.9481738     -0.9763909     -0.9967435
     -0.7920000     -0.7740409     -1.1666559     -0.9530021     -0.9852951     -1.0083880
     -0.7800000     -0.8115934     -1.1835095     -0.9819314     -1.0197113     -0.9900165
     -0.7680000     -0.8479926     -1.1944578     -1.0178277     -1.0157110     -1.0077933
     -0.7560000     -0.8831868     -1.1997741     -1.0414910     -0.9837117     -0.9970743
     -0.7440000     -0.9171259     -1.1997902     -1.0415703     -0.9835598     -0.9973505
     -0.7320000     -0.9497618     -1.1948912     -1.0197397     -1.0132136     -1.0068580
     -0.7200000     -0.9810479     -1.1855105     -0.9888974     -1.0169360     -0.9917397
     -0.7080000     -1.0109400     -1.1721232     -0.9657782     -0.9895961     -1.0065213
     -0.6960000     -1.0393954     -1.1552398     -0.9620796     -0.9827713     -0.9975382
     -0.6840000     -1.0663738     -1.1353992     -0.9786992     -1.0078026     -0.9976987
     -0.6720000     -1.0918368     -1.1131612     -1.0058513     -1.0173400     -1.0059789
     -0.6600000     -1.1157483     -1.0890992     -1.0286943     -0.9946296     -0.9927364
     -0.6480000     -1.1380742     -1.0637922     -1.0353109     -0.9827145     -1.0057822
     -0.6360000     -1.1587829     -1.0378170     -1.0228209     -1.0030792     -0.9978085
     -0.6240000     -1.1778449     -1.0117407     -0.9985412     -1.0170767     -0.9979005
     -0.6120000     -1.1952331     -0.9861131     -0.9757790     -0.9990910     -1.0054712
     -0.6000000     -1.2109228     -0.9614590     -0.9666306     -0.9832781     -0.9933070
     -0.5880000     -1.2248917     -0.9382715     -0.9756322     -0.9988452     -1.0053641
     -0.5760000     -1.2371199     -0.9170057     -0.9975559     -1.0162272     -0.9979604
     -0.5640000     -1.2475902     -0.8980721     -1.0203998     -1.0031226     -0.9980051
     -0.5520000     -1.2562876     -0.8818315     -1.0318900     -0.9844032     -1.0052131
     -0.5400000     -1.2631997     -0.8685903     -1.0260080     -0.9949979     -0.9935839
     -0.5280000     -1.2683167     -0.8585960     -1.0061094     -1.0148330     -1.0051731
     -0.5160000     -1.2716314     -0.8520346     -0.9830318     -1.0067989     -0.9980274
     -0.5040000     -1.2731390     -0.8490274     -0.9692477     -0.9860631     -0.9980335
     -0.4920000     -1.2728374     -0.8496301     -0.9721855     -0.9914831     -1.0051524
     -0.4800000     -1.2707271     -0.8538314     -0.9902630     -1.0129080     -0.9936219
     -0.4680000     -1.2668110     -0.8615539     -1.0137316     -1.0101589     -1.0051722
     -0.4560000     -1.2610947     -0.8726542     -1.0298854     -0.9882558     -0.9980225
     -0.4440000     -1.2535862     -0.8869258     -1.0298764     -0.9882730     -0.9979912
     -0.4320000     -1.2442964     -0.9041008     -1.0135152     -1.0104417     -1.0052779
     -0.4200000     -1.2332384     -0.9238545     -0.9894769     -1.0132224     -0.9934281
     -0.4080000     -1.2204278     -0.9458088     -0.9707488     -0.9910057     -1.0053610
     -0.3960000     -1.2058830     -0.9695377     -0.9676850     -0.9853537     -0.9979448
     -0.3840000     -1.1896246     -0.9945728     -0.9823440     -1.0073934     -0.9978700
     -0.3720000     -1.1716756     -1.0204097     -1.0071719     -1.0159995     -1.0056133
     -0.3600000     -1.1520616     -1.0465143     -1.0288390     -0.9943734     -0.9929652
     -0.3480000     -1.1308104     -1.0723304     -1.0353097     -0.9827169     -1.0057764
     -0.3360000     -1.1079524     -1.0972868     -1.0224386     -1.0036769     -0.9977790
     -0.3240000     -1.0835198     -1.1208050     -0.9965296     -1.0184985     -0.9976448
     -0.3120000     -1.0575475     -1.1423071     -0.9713293     -0.9984792     -1.0062298
     -0.3000000     -1.0300724     -1.1612233     -0.9608509     -0.9803524     -0.9921326
     -0.2880000     -1.0011335     -1.1770000     -0.9717154     -0.9991255     -1.0065114
     -0.2760000     -0.9707720     -1.1891069     -0.9991233     -1.0207337     -0.9974877
     -0.2640000     -0.9390309     -1.1970445     -1.0288210     -1.0035547     -0.9972582
     -0.2520000     -0.9059554     -1.2003510     -1.0443391     -0.9782380     -1.0072881
     -0.2400000     -0.8715924     -1.1986084     -1.0359100     -0.9934144     -0.9907032
     -0.2280000     -0.8359909     -1.1914489     -1.0063515     -1.0227413     -1.0077759
     -0.2160000     -0.7992015     -1.1785595     -0.9705198     -1.0100636     -0.9969866
     -0.2040000     -0.7612763     -1.1596873     -0.9481346     -0.9763139     -0.9965757
     -0.1920000     -0.7222693     -1.1346426     -0.9533100     -0.9858653     -1.0091701
     -0.1800000     -0.6822359     -1.1033024     -0.9861523     -1.0246219     -0.9881260
     -0.1680000     -0.6412330     -1.0656126     -1.0311531     -1.0190293     -1.0100924
     -0.1560000     -0.5993189     -1.0215892     -1.0639419     -0.9744043     -0.9960644
     -0.1440000     -0.5565531     -0.9713186     -1.0636994     -0.9748689     -0.9952195
     -0.1320000     -0.5129964     -0.9149574     -1.0252769     -1.0267004     -1.0129789
     -0.1200000     -0.4687107     -0.8527313     -0.9645517     -1.0331259     -0.9827300
     -0.1080000     -0.4237590     -0.7849323     -0.9132648     -0.9718608     -1.0151319
     -0.0960000     -0.3782051     -0.7119163     -0.9044624     -0.9556360     -0.9940422
     -0.0840000     -0.3321137     -0.6340988     -0.9544689     -1.0304262     -0.9916273
     -0.0720000     -0.2855504     -0.5519509     -1.0497158     -1.0618988     -1.0235946
     -0.0600000     -0.2385813     -0.4659933     -1.1453969     -0.9648232     -0.9662096
     -0.0480000     -0.1912732     -0.3767909     -1.1781658     -0.9056890     -1.0323988
     -0.0360000     -0.1436932     -0.2849462     -1.0889255     -1.0497457     -0.9873476
     -0.0240000     -0.0959091     -0.1910925     -0.8469232     -1.1775447     -0.9648998
     -0.0120000     -0.0479886     -0.0958864     -0.4651321     -0.8467434     -1.1447697
      0.0000000      0.0000000      0.0000000      0.0000000      0.0000000      0.0000000
      0.0120000      0.0479886      0.0958864      0.4651321      0.8467434      1.1447697
      0.0240000      0.0959091      0.1910925      0.8469232      1.1775447      0.9648998
      0.0360000      0.1436932      0.2849462      1.0889255      1.0497457      0.9873476
      0.0480000      0.1912732      0.3767909      1.1781658      0.9056890      1.0323988
      0.0600000      0.2385813      0.4659933      1.1453969      0.9648232      0.9662096
      0.0720000      0.2855504      0.5519509      1.0497158      1.0618988      1.0235946
      0.0840000      0.3321137      0.6340988      0.9544689      1.0304262      0.9916273
      0.0960000      0.3782051      0.7119163      0.9044624      0.9556360      0.9940422
      0.1080000      0.4237590      0.7849323      0.9132648      0.9718608      1.0151319
      0.1200000      0.4687107      0.8527313      0.9645517      1.0331259      0.9827300
      0.1320000      0.5129964      0.9149574      1.0252769      1.0267004      1.0129789
      0.1440000      0.5565531      0.9713186      1.0636994      0.9748689      0.9952195
      0.1560000      0.5993189      1.0215892      1.0639419      0.9744043      0.9960644
      0.1680000      0.6412330      1.0656126      1.0311531      1.0190293      1.0100924
      0.1800000      0.6822359      1.1033024      0.9861523      1.0246219      0.9881260
      0.1920000      0.7222693      1.1346426      0.9533100      0.9858653      1.0091701
      0.2040000      0.7612763      1.1596873      0.9481346      0.9763139      0.9965757
      0.2160000      0.7992015      1.1785595      0.9705198      1.0100636      0.9969866
      0.2280000      0.8359909      1.1914489      1.0063515      1.0227413      1.0077759
      0.2400000      0.8715924      1.1986084      1.0359100      0.9934144      0.9907032
      0.2520000      0.9059554      1.2003510      1.0443391      0.9782380      1.0072881
      0.2640000      0.9390309      1.1970445      1.0288210      1.0035547      0.9972582
      0.2760000      0.9707720      1.1891069      0.9991233      1.0207337      0.9974877
      0.2880000      1.0011335      1.1770000      0.9717154      0.9991255      1.0065114
      0.3000000      1.0300724      1.1612233      0.9608509      0.9803524      0.9921326
      0.3120000      1.0575475      1.1423071      0.9713293      0.9984792      1.0062298
      0.3240000      1.0835198      1.1208050      0.9965296      1.0184985      0.9976448
      0.3360000      1.1079524      1.0972868      1.0224386      1.0036769      0.9977790
      0.3480000      1.1308104      1.0723304      1.0353097      0.9827169      1.0057764
      0.3600000      1.1520616      1.0465143      1.0288390      0.9943734      0.9929652
      0.3720000      1.1716756      1.0204097      1.0071719      1.0159995      1.0056133
      0.3840000      1.1896246      0.9945728      0.9823440      1.0073934      0.9978700
      0.3960000      1.2058830      0.9695377      0.9676850      0.9853537      0.9979448
      0.4080000      1.2204278      0.9458088      0.9707488      0.9910057      1.0053610
      0.4200000      1.2332384      0.9238545      0.9894769      1.0132224      0.9934281
      0.4320000      1.2442964      0.9041008      1.0135152      1.0104417      1.0052779
      0.4440000      1.2535862      0.8869258      1.0298764      0.9882730      0.9979912
      0.4560000      1.2610947      0.8726542      1.0298854      0.9882558      0.9980225
      0.4680000      1.2668110      0.8615539      1.0137316      1.0101589      1.0051722
      0.4800000      1.2707271      0.8538314      0.9902630      1.0129080      0.9936219
      0.4920000      1.2728374      0.8496301      0.9721855      0.9914831      1.0051524
      0.5040000      1.2731390      0.8490274      0.9692477      0.9860631      0.9980335
      0.5160000      1.2716314      0.8520346      0.9830318      1.0067989      0.9980274
      0.5280000      1.2683167      0.8585960      1.0061094      1.0148330      1.0051731
      0.5400000      1.2631997      0.8685903      1.0260080      0.9949979      0.9935839
      0.5520000      1.2562876      0.8818315      1.0318900      0.9844032      1.0052131
      0.5640000      1.2475902      0.8980721      1.0203998      1.0031226      0.9980051
      0.5760000      1.2371199      0.9170057      0.9975559      1.0162272      0.9979604
      0.5880000      1.2248917      0.9382715      0.9756322      0.9988452      1.0053641
      0.6000000      1.2109228      0.9614590      0.9666306      0.9832781      0.9933070
      0.6120000      1.1952331      0.9861131      0.9757790      0.9990910      1.0054712
      0.6240000      1.1778449      1.0117407      0.9985412      1.0170767      0.9979005
      0.6360000      1.1587829      1.0378170      1.0228209      1.0030792      0.9978085
      0.6480000      1.1380742      1.0637922      1.0353109      0.9827145      1.0057822
      0.6600000      1.1157483      1.0890992      1.0286943      0.9946296      0.9927364
      0.6720000      1.0918368      1.1131612      1.0058513      1.0173400      1.0059789
      0.6840000      1.0663738      1.1353992      0.9786992      1.0078026      0.9976987
      0.6960000      1.0393954      1.1552398      0.9620796      0.9827713      0.9975382
      0.7080000      1.0109400      1.1721232      0.9657782      0.9895961      1.0065213
      0.7200000      0.9810479      1.1855105      0.9888974      1.0169360      0.9917397
      0.7320000      0.9497618      1.1948912      1.0197397      1.0132136      1.0068580
      0.7440000      0.9171259      1.1997902      1.0415703      0.9835598      0.9973505
      0.7560000      0.8831868      1.1997741      1.0414910      0.9837117      0.9970743
      0.7680000      0.8479926      1.1944578      1.0178277      1.0157110      1.0077933
      0.7800000      0.8115934      1.1835095      0.9819314      1.0197113      0.9900165
      0.7920000      0.7740409      1.1666559      0.9530021      0.9852951      1.0083880
      0.8040000      0.7353884      1.1436856      0.9481738      0.9763909      0.9967435
      0.8160000      0.6956909      1.1144534      0.9728073      1.0133573      0.9962321
      0.8280000      0.6550048      1.0788819      1.0162473      1.0281815      1.0101260
      0.8400000      0.6133878      1.0369635      1.0558773      0.9884308      0.9867954
      0.8520000      0.5708992      0.9887613      1.0681906      0.9662384      1.0113104
      0.8640000      0.5275994      0.9344087      1.0417700      1.0091812      0.9955773
      0.8760000      0.4835498      0.8741083      0.9855095      1.0409450      0.9944398
      0.8880000      0.4388130      0.8081305      0.9270976      0.9940780      1.0152149
      0.9000000      0.3934527      0.7368101      0.9011403      0.9490967      0.9794392
      0.9120000      0.3475332      0.6605435      0.9314124      1.0012980      1.0183417
      0.9240000      0.3011199      0.5797835      1.0151457      1.0662823      0.9927510
      0.9360000      0.2542786      0.4950351      1.1172073      1.0056489      0.9887302
      0.9480000      0.2070761      0.4068490      1.1782507      0.9055200      1.0328075
      0.9600000      0.1595792      0.3158161      1.1349367      0.9833306      0.9498058
      0.9720000      0.1118556      0.2225602      0.9447353      1.1659846      1.0527684
      0.9840000      0.0639731      0.1277308      0.6052179      1.0252124      0.9834705
      0.9960000      0.0159996      0.0319958      0.1594410      0.3155449      0.7330592
      1.0080000     -0.0319966     -0.0639663     -0.3155531     -0.6051571     -1.1342686
      1.0200000     -0.0799474     -0.1594745     -0.7332026     -1.1344146     -0.9027566
      1.0320000     -0.1277845     -0.2538529     -1.0255630     -1.1168511     -1.0539088
      1.0440000     -0.1754400     -0.3464388     -1.1642811     -0.9323619     -0.9827958
      1.0560000     -0.2228463     -0.4365906     -1.1665629     -0.9279911     -0.9907399
      1.0680000     -0.2699358     -0.5236946     -1.0844984     -1.0404939     -1.0233870
      1.0800000     -0.3166418     -0.6071726     -0.9828253     -1.0543319     -0.9744798
      1.0920000     -0.3628978     -0.6864884     -0.9145784     -0.9742926     -1.0184665
      1.1040000     -0.4086381     -0.7611539     -0.9042956     -0.9553086     -0.9933280
      1.1160000     -0.4537977     -0.8307345     -0.9446278     -1.0162690     -0.9949317
      1.1280000     -0.4983124     -0.8948539     -1.0061643     -1.0383974     -1.0129200
      1.1400000     -0.5421190     -0.9531985     -1.0547808     -0.9903719     -0.9850630
      1.1520000     -0.5851553     -1.0055201     -1.0681997     -0.9662203     -1.0113542
      1.1640000     -0.6273599     -1.0516391     -1.0446726     -1.0046449     -0.9957938
      1.1760000     -0.6686731     -1.0914453     -1.0009278     -1.0301034     -0.9964428
      1.1880000     -0.7090361     -1.1248995     -0.9616586     -0.9992632     -1.0091436
      1.2000000     -0.7483914     -1.1520323     -0.9464525     -0.9730025     -0.9891743
      1.2120000     -0.7866833     -1.1729443     -0.9606506     -0.9975762     -1.0084092
      1.2240000     -0.8238572     -1.1878029     -0.9941343     -1.0242560     -0.9968507
      1.2360000     -0.8598604     -1.1968404     -1.0278745     -1.0050341     -0.9971857
      1.2480000     -0.8946417     -1.2003504     -1.0443362     -0.9782439     -1.0072738
      1.2600000     -0.9281517     -1.1986828     -1.0362681     -0.9927804     -0.9912693
      1.2720000     -0.9603427     -1.1922396     -1.0096239     -1.0194207     -1.0068699
      1.2840000     -0.9911690     -1.1814687     -0.9795748     -1.0090634     -0.9974108
      1.2960000     -1.0205868     -1.1668578     -0.9620946     -0.9828008     -0.9976025
      1.3080000     -1.0485543     -1.1489276     -0.9656602     -0.9893776     -1.0062215
      1.3200000     -1.0750317     -1.1282248     -0.9872837     -1.0150578     -0.9924614
      1.3320000     -1.0999815     -1.1053147     -1.0146680     -1.0119366     -1.0059858
      1.3440000     -1.1233681     -1.0807732     -1.0330669     -0.9870271     -0.9977340
      1.3560000     -1.1451583     -1.0551797     -1.0330990     -0.9869657     -0.9978457
      1.3680000     -1.1653213     -1.0291086     -1.0154401     -1.0109280     -1.0056086
      1.3800000     -1.1838282     -1.0031218     -0.9900902     -1.0139363     -0.9931539
      1.3920000     -1.2006528     -0.9777618     -0.9707937     -0.9910888     -1.0054750
      1.4040000     -1.2157713     -0.9535435     -0.9676793     -0.9853425     -0.9979203
      1.4160000     -1.2291621     -0.9309482     -0.9820112     -1.0069141     -0.9979794
      1.4280000     -1.2408062     -0.9104165     -1.0057393     -1.0152087     -1.0052756
      1.4400000     -1.2506870     -0.8923431     -1.0259674     -0.9950698     -0.9935197
      1.4520000     -1.2587905     -0.8770711     -1.0318903     -0.9844026     -1.0052147
      1.4640000     -1.2651052     -0.8648876     -1.0205070     -1.0029550     -0.9980134
      1.4760000     -1.2696221     -0.8560201     -0.9981195     -1.0158288     -0.9980319
      1.4880000     -1.2723349     -0.8506331     -0.9768778     -0.9990155     -1.0051521
      1.5000000     -1.2732395     -0.8488264     -0.9682476     -0.9840944     -0.9936344
      1.5120000     -1.2723349     -0.8506331     -0.9768778     -0.9990155     -1.0051521
      1.5240000     -1.2696221     -0.8560201     -0.9981195     -1.0158288     -0.9980319
      1.5360000     -1.2651052     -0.8648876     -1.0205070     -1.0029550     -0.9980134
      1.5480000     -1.2587905     -0.8770711     -1.0318903     -0.9844026     -1.0052147
      1.5600000     -1.2506870     -0.8923431     -1.0259674     -0.9950698     -0.9935197
      1.5720000     -1.2408062     -0.9104165     -1.0057393     -1.0152087     -1.0052756
      1.5840000     -1.2291621     -0.9309482     -0.9820112     -1.0069141     -0.9979794
      1.5960000     -1.2157713     -0.9535435     -0.9676793     -0.9853425     -0.9979203
      1.6080000     -1.2006528     -0.9777618     -0.9707937     -0.9910888     -1.0054750
      1.6200000     -1.1838282     -1.0031218     -0.9900902     -1.0139363     -0.9931539
      1.6320000     -1.1653213     -1.0291086     -1.0154401     -1.0109280     -1.0056086
      1.6440000     -1.1451583     -1.0551797     -1.0330990     -0.9869657     -0.9978457
      1.6560000     -1.1233681     -1.0807732     -1.0330669     -0.9870271     -0.9977340
      1.6680000     -1.0999815     -1.1053147     -1.0146680     -1.0119366     -1.0059858
      1.6800000     -1.0750317     -1.1282248     -0.9872837     -1.0150578     -0.9924614
      1.6920000     -1.0485543     -1.1489276     -0.9656602     -0.9893776     -1.0062215
      1.7040000     -1.0205868     -1.1668578     -0.9620946     -0.9828008     -0.9976025
      1.7160000     -0.9911690     -1.1814687     -0.9795748     -1.0090634     -0.9974108
      1.7280000     -0.9603427     -1.1922396     -1.0096239     -1.0194207     -1.0068699
      1.7400000     -0.9281517     -1.1986828     -1.0362681     -0.9927804     -0.9912693
      1.7520000     -0.8946417     -1.2003504     -1.0443362     -0.9782439     -1.0072738
      1.7640000     -0.8598604     -1.1968404     -1.0278745     -1.0050341     -0.9971857
      1.7760000     -0.8238572     -1.1878029     -0.9941343     -1.0242560     -0.9968507
      1.7880000     -0.7866833     -1.1729443     -0.9606506     -0.9975762     -1.0084092
      1.8000000     -0.7483914     -1.1520323     -0.9464525     -0.9730025     -0.9891743
      1.8120000     -0.7090361     -1.1248995     -0.9616586     -0.9992632     -1.0091436
      1.8240000     -0.6686731     -1.0914453     -1.0009278     -1.0301034     -0.9964428
      1.8360000     -0.6273599     -1.0516391     -1.0446726     -1.0046449     -0.9957938
      1.8480000     -0.5851553     -1.0055201     -1.0681997     -0.9662203     -1.0113542
      1.8600000     -0.5421190     -0.9531985     -1.0547808     -0.9903719     -0.9850630
      1.8720000     -0.4983124     -0.8948539     -1.0061643     -1.0383974     -1.0129200
      1.8840000     -0.4537977     -0.8307345     -0.9446278     -1.0162690     -0.9949317
      1.8960000     -0.4086381     -0.7611539     -0.9042956     -0.9553086     -0.9933280
      1.9080000     -0.3628978     -0.6864884     -0.9145784     -0.9742926     -1.0184665
      1.9200000     -0.3166418     -0.6071726     -0.9828253     -1.0543319     -0.9744798
      1.9320000     -0.2699358     -0.5236946     -1.0844984     -1.0404939     -1.0233870
      1.9440000     -0.2228463     -0.4365906     -1.1665629     -0.9279911     -0.9907399
      1.9560000     -0.1754400     -0.3464388     -1.1642811     -0.9323619     -0.9827958
      1.9680000     -0.1277845     -0.2538529     -1.0255630     -1.1168511     -1.0539088
      1.9800000     -0.0799474     -0.1594745     -0.7332026     -1.1344146     -0.9027566
      1.9920000     -0.0319966     -0.0639663     -0.3155531     -0.6051571     -1.1342686
      2.0040000      0.0159996      0.0319958      0.1594410      0.3155449      0.7330592
      2.0160000      0.0639731      0.1277308      0.6052179      1.0252124      0.9834705
      2.0280000      0.1118556      0.2225602      0.9447353      1.1659846      1.0527684
      2.0400000      0.1595792      0.3158161      1.1349367      0.9833306      0.9498058
      2.0520000      0.2070761      0.4068490      1.1782507      0.9055200      1.0328075
      2.0640000      0.2542786      0.4950351      1.1172073      1.0056489      0.9887302
      2.0760000      0.3011199      0.5797835      1.0151457      1.0662823      0.9927510
      2.0880000      0.3475332      0.6605435      0.9314124      1.0012980      1.0183417
      2.1000000      0.3934527      0.7368101      0.9011403      0.9490967      0.9794392
      2.1120000      0.4388130      0.8081305      0.9270976      0.9940780      1.0152149
      2.1240000      0.4835498      0.8741083      0.9855095      1.0409450      0.9944398
      2.1360000      0.5275994      0.9344087      1.0417700      1.0091812      0.9955773
      2.1480000      0.5708992      0.9887613      1.0681906      0.9662384      1.0113104
      2.1600000      0.6133878      1.0369635      1.0558773      0.9884308      0.9867954
      2.1720000      0.6550048      1.0788819      1.0162473      1.0281815      1.0101260
      2.1840000      0.6956909      1.1144534      0.9728073      1.0133573      0.9962321
      2.1960000      0.7353884      1.1436856      0.9481738      0.9763909      0.9967435
      2.2080000      0.7740409      1.1666559      0.9530021      0.9852951      1.0083880
      2.2200000      0.8115934      1.1835095      0.9819314      1.0197113      0.9900165
      2.2320000      0.8479926      1.1944578      1.0178277      1.0157110      1.0077933
      2.2440000      0.8831868      1.1997741      1.0414910      0.9837117      0.9970743
      2.2560000      0.9171259      1.1997902      1.0415703      0.9835598      0.9973505
      2.2680000      0.9497618      1.1948912      1.0197397      1.0132136      1.0068580
      2.2800000      0.9810479      1.1855105      0.9888974      1.0169360      0.9917397
      2.2920000      1.0109400      1.1721232      0.9657782      0.9895961      1.0065213
      2.3040000      1.0393954      1.1552398      0.9620796      0.9827713      0.9975382
      2.3160000      1.0663738      1.1353992      0.9786992      1.0078026      0.9976987
      2.3280000      1.0918368      1.1131612      1.0058513      1.0173400      1.0059789
      2.3400000      1.1157483      1.0890992      1.0286943      0.9946296      0.9927364
      2.3520000      1.1380742      1.0637922      1.0353109      0.9827145      1.0057822
      2.3640000      1.1587829      1.0378170      1.0228209      1.0030792      0.9978085
      2.3760000      1.1778449      1.0117407      0.9985412      1.0170767      0.9979005
      2.3880000      1.1952331      0.9861131      0.9757790      0.9990910      1.0054712
      2.4000000      1.2109228      0.9614590      0.9666306      0.9832781      0.9933070
      2.4120000      1.2248917      0.9382715      0.9756322      0.9988452      1.0053641
      2.4240000      1.2371199      0.9170057      0.9975559      1.0162272      0.9979604
      2.4360000      1.2475902      0.8980721      1.0203998      1.0031226      0.9980051
      2.4480000      1.2562876      0.8818315      1.0318900      0.9844032      1.0052131
      2.4600000      1.2631997      0.8685903      1.0260080      0.9949979      0.9935839
      2.4720000      1.2683167      0.8585960      1.0061094      1.0148330      1.0051731
      2.4840000      1.2716314      0.8520346      0.9830318      1.0067989      0.9980274
      2.4960000      1.2731390      0.8490274      0.9692477      0.9860631      0.9980335
      2.5080000      1.2728374      0.8496301      0.9721855      0.9914831      1.0051524
      2.5200000      1.2707271      0.8538314      0.9902630      1.0129080      0.9936219
      2.5320000      1.2668110      0.8615539      1.0137316      1.0101589      1.0051722
      2.5440000      1.2610947      0.8726542      1.0298854      0.9882558      0.9980225
      2.5560000      1.2535862      0.8869258      1.0298764      0.9882730      0.9979912
      2.5680000      1.2442964      0.9041008      1.0135152      1.0104417      1.0052779
      2.5800000      1.2332384      0.9238545      0.9894769      1.0132224      0.9934281
      2.5920000      1.2204278      0.9458088      0.9707488      0.9910057      1.0053610
      2.6040000      1.2058830      0.9695377      0.9676850      0.9853537      0.9979448
      2.6160000      1.1896246      0.9945728      0.9823440      1.0073934      0.9978700
      2.6280000      1.1716756      1.0204097      1.0071719      1.0159995      1.0056133
      2.6400000      1.1520616      1.0465143      1.0288390      0.9943734      0.9929652
      2.6520000      1.1308104      1.0723304      1.0353097      0.9827169      1.0057764
      2.6640000      1.1079524      1.0972868      1.0224386      1.0036769      0.9977790
      2.6760000      1.0835198      1.1208050      0.9965296      1.0184985      0.9976448
      2.6880000      1.0575475      1.1423071      0.9713293      0.9984792      1.0062298
      2.7000000      1.0300724      1.1612233      0.9608509      0.9803524      0.9921326
      2.7120000      1.0011335      1.1770000      0.9717154      0.9991255      1.0065114
      2.7240000      0.9707720      1.1891069      0.9991233      1.0207337      0.9974877
      2.7360000      0.9390309      1.1970445      1.0288210      1.0035547      0.9972582
      2.7480000      0.9059554      1.2003510      1.0443391      0.9782380      1.0072881
      2.7600000      0.8715924      1.1986084      1.0359100      0.9934144      0.9907032
      2.7720000      0.8359909      1.1914489      1.0063515      1.0227413      1.0077759
      2.7840000      0.7992015      1.1785595      0.9705198      1.0100636      0.9969866
      2.7960000      0.7612763      1.1596873      0.9481346      0.9763139      0.9965757
      2.8080000      0.7222693      1.1346426      0.9533100      0.9858653      1.0091701
      2.8200000      0.6822359      1.1033024      0.9861523      1.0246219      0.9881260
      2.8320000      0.6412330      1.0656126      1.0311531      1.0190293      1.0100924
      2.8440000      0.5993189      1.0215892      1.0639419      0.9744043      0.9960644
      2.8560000      0.5565531      0.9713186      1.0636994      0.9748689      0.9952195
      2.8680000      0.5129964      0.9149574      1.0252769      1.0267004      1.0129789
      2.8800000      0.4687107      0.8527313      0.9645517      1.0331259      0.9827300
      2.8920000      0.4237590      0.7849323      0.9132648      0.9718608      1.0151319
      2.9040000      0.3782051      0.7119163      0.9044624      0.9556360      0.9940422
      2.9160000      0.3321137      0.6340988      0.9544689      1.0304262      0.9916273
      2.9280000      0.2855504      0.5519509      1.0497158      1.0618988      1.0235946
      2.9400000      0.2385813      0.4659933      1.1453969      0.9648232      0.9662096
      2.9520000      0.1912732      0.3767909      1.1781658      0.9056890      1.0323988
      2.9640000      0.1436932      0.2849462      1.0889255      1.0497457      0.9873476
      2.9760000      0.0959091      0.1910925      0.8469232      1.1775447      0.9648998
      2.9880000      0.0479886      0.0958864      0.4651321      0.8467434      1.1447697
      3.0000000      0.0000000      0.0000000      0.0000000      0.0000000      0.0000000
