     -3.0000000      0.9052847      0.9503164      0.9898763      0.9949350      0.9998987
     -2.9880000      0.9049968      0.9497407      0.9870412      0.9895226      0.9880000
     -2.9760000      0.9041333      0.9480178      0.9790502      0.9767692      0.9760000
     -2.9640000      0.9026955      0.9451599      0.9672802      0.9631556      0.9640000
     -2.9520000      0.9006855      0.9411872      0.9535332      0.9516008      0.9520000
     -2.9400000      0.8981060      0.9361275      0.9394962      0.9405438      0.9400000
     -2.9280000      0.8949609      0.9300163      0.9262958      0.9282965      0.9280000
     -2.9160000      0.8912544      0.9228959      0.9142986      0.9156158      0.9160000
     -2.9040000      0.8869920      0.9148153      0.9032032      0.9037462      0.9040000
     -2.8920000      0.8821797      0.9058291      0.8923521      0.8922847      0.8920000
     -2.8800000      0.8768242      0.8959978      0.8811126      0.8802309      0.8800000
     -2.8680000      0.8709333      0.8853859      0.8691654      0.8677844      0.8680000
     -2.8560000      0.8645152      0.8740622      0.8565975      0.8557840      0.8560000
     -2.8440000      0.8575792      0.8620986      0.8437923      0.8441637      0.8440000
     -2.8320000      0.8501350      0.8495691      0.8311972      0.8322048      0.8320000
     -2.8200000      0.8421932      0.8365493      0.8190939      0.8198773      0.8200000
     -2.8080000      0.8337652      0.8231153      0.8074796      0.8078048      0.8080000
     -2.7960000      0.8248629      0.8093430      0.7961016      0.7960890      0.7960000
     -2.7840000      0.8154989      0.7953075      0.7846122      0.7841864      0.7840000
     -2.7720000      0.8056866      0.7810815      0.7727546      0.7719396      0.7720000
     -2.7600000      0.7954399      0.7667356      0.7604855      0.7598221      0.7600000
     -2.7480000      0.7847733      0.7523366      0.7479790      0.7480356      0.7480000
     -2.7360000      0.7737021      0.7379474      0.7355190      0.7361693      0.7360000
     -2.7240000      0.7622419      0.7236261      0.7233449      0.7239862      0.7240000
     -2.7120000      0.7504091      0.7094255      0.7115305      0.7118395      0.7120000
     -2.7000000      0.7382204      0.6953928      0.6999562      0.6999944      0.7000000
     -2.6880000      0.7256932      0.6815687      0.6883831      0.6881513      0.6880000
     -2.6760000      0.7128453      0.6679877      0.6765844      0.6760231      0.6760000
     -2.6640000      0.6996949      0.6546775      0.6644636      0.6638582      0.6640000
     -2.6520000      0.6862607      0.6416586      0.6520991      0.6519611      0.6520000
     -2.6400000      0.6725618      0.6289450      0.6396950      0.6401318      0.6400000
     -2.6280000      0.6586178      0.6165434      0.6274688      0.6280532      0.6280000
     -2.6160000      0.6444483      0.6044541      0.6155357      0.6158787      0.6160000
     -2.6040000      0.6300735      0.5926705      0.6038511      0.6039338      0.6040000
     -2.5920000      0.6155140      0.5811799      0.5922390      0.5921103      0.5920000
     -2.5800000      0.6007902      0.5699639      0.5804893      0.5800780      0.5800000
     -2.5680000      0.5859232      0.5589986      0.5684700      0.5679012      0.5680000
     -2.5560000      0.5709342      0.5482552      0.5561962      0.5559113      0.5560000
     -2.5440000      0.5558443      0.5377008      0.5438196      0.5440867      0.5440000
     -2.5320000      0.5406751      0.5272988      0.5315449      0.5320983      0.5320000
     -2.5200000      0.5254480      0.5170100      0.5195198      0.5199259      0.5200000
     -2.5080000      0.5101848      0.5067928      0.5077566      0.5078931      0.5080000
     -2.4960000      0.4949072      0.4966044      0.4961257      0.4960610      0.4960000
     -2.4840000      0.4796367      0.4864016      0.4844265      0.4841144      0.4840000
     -2.4720000      0.4643953      0.4761414      0.4724950      0.4719528      0.4720000
     -2.4600000      0.4492044      0.4657816      0.4602928      0.4598791      0.4600000
     -2.4480000      0.4340856      0.4552822      0.4479280      0.4480329      0.4480000
     -2.4360000      0.4190606      0.4446056      0.4355982      0.4361265      0.4360000
     -2.4240000      0.4041506      0.4337177      0.4234847      0.4239821      0.4240000
     -2.4120000      0.3893767      0.4225882      0.4116532      0.4118690      0.4120000
     -2.4000000      0.3747601      0.4111915      0.4000168      0.4000021      0.4000000
     -2.3880000      0.3603215      0.3995073      0.3883801      0.3881345      0.3880000
     -2.3760000      0.3460813      0.3875209      0.3765426      0.3760143      0.3760000
     -2.3640000      0.3320599      0.3752237      0.3644088      0.3638631      0.3640000
     -2.3520000      0.3182771      0.3626137      0.3520429      0.3519683      0.3520000
     -2.3400000      0.3047526      0.3496954      0.3396392      0.3401383      0.3400000
     -2.3280000      0.2915055      0.3364803      0.3274205      0.3280501      0.3280000
     -2.3160000      0.2785547      0.3229868      0.3155165      0.3158616      0.3160000
     -2.3040000      0.2659186      0.3092403      0.3038888      0.3039303      0.3040000
     -2.2920000      0.2536151      0.2952729      0.2923438      0.2921374      0.2920000
     -2.2800000      0.2416618      0.2811233      0.2806309      0.2800908      0.2800000
     -2.2680000      0.2300756      0.2668367      0.2685786      0.2678650      0.2680000
     -2.2560000      0.2188729      0.2524639      0.2561938      0.2558864      0.2560000
     -2.2440000      0.2080697      0.2380614      0.2436702      0.2441311      0.2440000
     -2.2320000      0.1976814      0.2236905      0.2312942      0.2321389      0.2320000
     -2.2200000      0.1877227      0.2094169      0.2192923      0.2198745      0.2200000
     -2.2080000      0.1782078      0.1953099      0.2076997      0.2078327      0.2080000
     -2.1960000      0.1691502      0.1814416      0.1963222      0.1961180      0.1960000
     -2.1840000      0.1605627      0.1678865      0.1848234      0.1842002      0.1840000
     -2.1720000      0.1524575      0.1547201      0.1728979      0.1718918      0.1720000
     -2.1600000      0.1448463      0.1420187      0.1604485      0.1597606      0.1600000
     -2.1480000      0.1377397      0.1298581      0.1476678      0.1480955      0.1480000
     -2.1360000      0.1311479      0.1183131      0.1349698      0.1362886      0.1360000
     -2.1240000      0.1250803      0.1074561      0.1227874      0.1239207      0.1240000
     -2.1120000      0.1195455      0.0973572      0.1113272      0.1116462      0.1120000
     -2.1000000      0.1145513      0.0880824      0.1004057      0.1000589      0.1000000
     -2.0880000      0.1101049      0.0796935      0.0894712      0.0884482      0.0880000
     -2.0760000      0.1062125      0.0722473      0.0778334      0.0759656      0.0760000
     -2.0640000      0.1028797      0.0657947      0.0650309      0.0633976      0.0640000
     -2.0520000      0.1001112      0.0603802      0.0511839      0.0520131      0.0520000
     -2.0400000      0.0979111      0.0560417      0.0371732      0.0409076      0.0400000
     -2.0280000      0.0962823      0.0528095      0.0245386      0.0279335      0.0280000
     -2.0160000      0.0952272      0.0507066      0.0151032      0.0142440      0.0160000
     -2.0040000      0.0947473      0.0497476      0.0104431      0.0057005      0.0040003
     -1.9920000      0.0948433      0.0499396      0.0113948      0.0075546      0.0080001
     -1.9800000      0.0955150      0.0512810      0.0177844      0.0185864      0.0200000
     -1.9680000      0.0967615      0.0537624      0.0284850      0.0325085      0.0320000
     -1.9560000      0.0985811      0.0573663      0.0417770      0.0447319      0.0440000
     -1.9440000      0.1009711      0.0620672      0.0558771      0.0556737      0.0560000
     -1.9320000      0.1039281      0.0678323      0.0694354      0.0674933      0.0680000
     -1.9200000      0.1074480      0.0746214      0.0818283      0.0802118      0.0800000
     -1.9080000      0.1115258      0.0823878      0.0931610      0.0923975      0.0920000
     -1.8960000      0.1161555      0.0910785      0.1040145      0.1038637      0.1040000
     -1.8840000      0.1213307      0.1006351      0.1150696      0.1156678      0.1160000
     -1.8720000      0.1270441      0.1109943      0.1267710      0.1280828      0.1280000
     -1.8600000      0.1332874      0.1220885      0.1391641      0.1402873      0.1400000
     -1.8480000      0.1400519      0.1338469      0.1519421      0.1519575      0.1520000
     -1.8360000      0.1473278      0.1461962      0.1646505      0.1637467      0.1640000
     -1.8240000      0.1551049      0.1590610      0.1769322      0.1760110      0.1760000
     -1.8120000      0.1633722      0.1723654      0.1886915      0.1882258      0.1880000
     -1.8000000      0.1721178      0.1860333      0.2001103      0.2000145      0.2000000
     -1.7880000      0.1813293      0.1999893      0.2115261      0.2117978      0.2120000
     -1.7760000      0.1909937      0.2141597      0.2232443      0.2239644      0.2240000
     -1.7640000      0.2010972      0.2284733      0.2353862      0.2361812      0.2360000
     -1.7520000      0.2116255      0.2428618      0.2478427      0.2480533      0.2480000
     -1.7400000      0.2225635      0.2572610      0.2603502      0.2598381      0.2600000
     -1.7280000      0.2338958      0.2716111      0.2726376      0.2719318      0.2720000
     -1.7160000      0.2456063      0.2858574      0.2845675      0.2841438      0.2840000
     -1.7040000      0.2576782      0.2999510      0.2961987      0.2960809      0.2960000
     -1.6920000      0.2700946      0.3138487      0.3077436      0.3078734      0.3080000
     -1.6800000      0.2828376      0.3275141      0.3194481      0.3199083      0.3200000
     -1.6680000      0.2958892      0.3409173      0.3314618      0.3321099      0.3320000
     -1.6560000      0.3092309      0.3540352      0.3437634      0.3441007      0.3440000
     -1.6440000      0.3228437      0.3668516      0.3561805      0.3559063      0.3560000
     -1.6320000      0.3367082      0.3793576      0.3684857      0.3678917      0.3680000
     -1.6200000      0.3508047      0.3915506      0.3805197      0.3800777      0.3800000
     -1.6080000      0.3651133      0.4034350      0.3922726      0.3921144      0.3920000
     -1.5960000      0.3796136      0.4150214      0.4038848      0.4039380      0.4040000
     -1.5840000      0.3942849      0.4263265      0.4155680      0.4158808      0.4160000
     -1.5720000      0.4091065      0.4373725      0.4274913      0.4280464      0.4280000
     -1.5600000      0.4240572      0.4481864      0.4396915      0.4401228      0.4400000
     -1.5480000      0.4391159      0.4587999      0.4520562      0.4519691      0.4520000
     -1.5360000      0.4542610      0.4692484      0.4643863      0.4638749      0.4640000
     -1.5240000      0.4694712      0.4795705      0.4765035      0.4760154      0.4760000
     -1.5120000      0.4847247      0.4898069      0.4883458      0.4881263      0.4880000
     -1.5000000      0.5000000      0.5000000      0.5000000      0.5000000      0.5000000
     -1.4880000      0.5152753      0.5101931      0.5116542      0.5118737      0.5120000
     -1.4760000      0.5305288      0.5204295      0.5234965      0.5239846      0.5240000
     -1.4640000      0.5457390      0.5307516      0.5356137      0.5361251      0.5360000
     -1.4520000      0.5608841      0.5412001      0.5479438      0.5480309      0.5480000
     -1.4400000      0.5759428      0.5518136      0.5603085      0.5598772      0.5600000
     -1.4280000      0.5908935      0.5626275      0.5725087      0.5719536      0.5720000
     -1.4160000      0.6057151      0.5736735      0.5844320      0.5841192      0.5840000
     -1.4040000      0.6203864      0.5849786      0.5961152      0.5960620      0.5960000
     -1.3920000      0.6348867      0.5965650      0.6077274      0.6078856      0.6080000
     -1.3800000      0.6491953      0.6084494      0.6194803      0.6199223      0.6200000
     -1.3680000      0.6632918      0.6206424      0.6315143      0.6321083      0.6320000
     -1.3560000      0.6771563      0.6331484      0.6438195      0.6440937      0.6440000
     -1.3440000      0.6907691      0.6459648      0.6562366      0.6558993      0.6560000
     -1.3320000      0.7041108      0.6590827      0.6685382      0.6678901      0.6680000
     -1.3200000      0.7171624      0.6724859      0.6805519      0.6800917      0.6800000
     -1.3080000      0.7299054      0.6861513      0.6922564      0.6921266      0.6920000
     -1.2960000      0.7423218      0.7000490      0.7038013      0.7039191      0.7040000
     -1.2840000      0.7543937      0.7141426      0.7154325      0.7158562      0.7160000
     -1.2720000      0.7661042      0.7283889      0.7273624      0.7280682      0.7280000
     -1.2600000      0.7774365      0.7427390      0.7396498      0.7401619      0.7400000
     -1.2480000      0.7883745      0.7571382      0.7521573      0.7519467      0.7520000
     -1.2360000      0.7989028      0.7715267      0.7646138      0.7638188      0.7640000
     -1.2240000      0.8090063      0.7858403      0.7767557      0.7760356      0.7760000
     -1.2120000      0.8186707      0.8000107      0.7884739      0.7882022      0.7880000
     -1.2000000      0.8278822      0.8139667      0.7998897      0.7999855      0.8000000
     -1.1880000      0.8366278      0.8276346      0.8113085      0.8117742      0.8120000
     -1.1760000      0.8448951      0.8409390      0.8230678      0.8239890      0.8240000
     -1.1640000      0.8526722      0.8538038      0.8353495      0.8362533      0.8360000
     -1.1520000      0.8599481      0.8661531      0.8480579      0.8480425      0.8480000
     -1.1400000      0.8667126      0.8779115      0.8608359      0.8597127      0.8600000
     -1.1280000      0.8729559      0.8890057      0.8732290      0.8719172      0.8720000
     -1.1160000      0.8786693      0.8993649      0.8849304      0.8843322      0.8840000
     -1.1040000      0.8838445      0.9089215      0.8959855      0.8961363      0.8960000
     -1.0920000      0.8884742      0.9176122      0.9068390      0.9076025      0.9080000
     -1.0800000      0.8925520      0.9253786      0.9181717      0.9197882      0.9200000
     -1.0680000      0.8960719      0.9321677      0.9305646      0.9325067      0.9320000
     -1.0560000      0.8990289      0.9379328      0.9441229      0.9443263      0.9440000
     -1.0440000      0.9014189      0.9426337      0.9582230      0.9552681      0.9560000
     -1.0320000      0.9032385      0.9462376      0.9715150      0.9674915      0.9680000
     -1.0200000      0.9044850      0.9487190      0.9822156      0.9814136      0.9800000
     -1.0080000      0.9051567      0.9500604      0.9886052      0.9924454      0.9919999
     -0.9960000      0.9052527      0.9502524      0.9895569      0.9942995      0.9959997
     -0.9840000      0.9047728      0.9492934      0.9848968      0.9857560      0.9840000
     -0.9720000      0.9037177      0.9471905      0.9754614      0.9720665      0.9720000
     -0.9600000      0.9020889      0.9439583      0.9628268      0.9590924      0.9600000
     -0.9480000      0.8998888      0.9396198      0.9488161      0.9479869      0.9480000
     -0.9360000      0.8971203      0.9342053      0.9349691      0.9366024      0.9360000
     -0.9240000      0.8937875      0.9277527      0.9221666      0.9240344      0.9240000
     -0.9120000      0.8898951      0.9203065      0.9105288      0.9115518      0.9120000
     -0.9000000      0.8854487      0.9119176      0.8995943      0.8999411      0.9000000
     -0.8880000      0.8804545      0.9026428      0.8886728      0.8883538      0.8880000
     -0.8760000      0.8749197      0.8925439      0.8772126      0.8760793      0.8760000
     -0.8640000      0.8688521      0.8816869      0.8650302      0.8637114      0.8640000
     -0.8520000      0.8622603      0.8701419      0.8523322      0.8519045      0.8520000
     -0.8400000      0.8551537      0.8579813      0.8395515      0.8402394      0.8400000
     -0.8280000      0.8475425      0.8452799      0.8271021      0.8281082      0.8280000
     -0.8160000      0.8394373      0.8321135      0.8151766      0.8157998      0.8160000
     -0.8040000      0.8308498      0.8185584      0.8036778      0.8038820      0.8040000
     -0.7920000      0.8217922      0.8046901      0.7923003      0.7921673      0.7920000
     -0.7800000      0.8122773      0.7905831      0.7807077      0.7801255      0.7800000
     -0.7680000      0.8023186      0.7763095      0.7687058      0.7678611      0.7680000
     -0.7560000      0.7919303      0.7619386      0.7563298      0.7558689      0.7560000
     -0.7440000      0.7811271      0.7475361      0.7438062      0.7441136      0.7440000
     -0.7320000      0.7699244      0.7331633      0.7314214      0.7321350      0.7320000
     -0.7200000      0.7583382      0.7188767      0.7193691      0.7199092      0.7200000
     -0.7080000      0.7463849      0.7047271      0.7076562      0.7078626      0.7080000
     -0.6960000      0.7340814      0.6907597      0.6961112      0.6960697      0.6960000
     -0.6840000      0.7214453      0.6770132      0.6844835      0.6841384      0.6840000
     -0.6720000      0.7084945      0.6635197      0.6725795      0.6719499      0.6720000
     -0.6600000      0.6952474      0.6503046      0.6603608      0.6598617      0.6600000
     -0.6480000      0.6817229      0.6373863      0.6479571      0.6480317      0.6480000
     -0.6360000      0.6679401      0.6247763      0.6355912      0.6361369      0.6360000
     -0.6240000      0.6539187      0.6124791      0.6234574      0.6239857      0.6240000
     -0.6120000      0.6396785      0.6004927      0.6116199      0.6118655      0.6120000
     -0.6000000      0.6252399      0.5888085      0.5999832      0.5999979      0.6000000
     -0.5880000      0.6106233      0.5774118      0.5883468      0.5881310      0.5880000
     -0.5760000      0.5958494      0.5662823      0.5765153      0.5760179      0.5760000
     -0.5640000      0.5809394      0.5553944      0.5644018      0.5638735      0.5640000
     -0.5520000      0.5659144      0.5447178      0.5520720      0.5519671      0.5520000
     -0.5400000      0.5507956      0.5342184      0.5397072      0.5401209      0.5400000
     -0.5280000      0.5356047      0.5238586      0.5275050      0.5280472      0.5280000
     -0.5160000      0.5203633      0.5135984      0.5155735      0.5158856      0.5160000
     -0.5040000      0.5050928      0.5033956      0.5038743      0.5039390      0.5040000
     -0.4920000      0.4898152      0.4932072      0.4922434      0.4921069      0.4920000
     -0.4800000      0.4745520      0.4829900      0.4804802      0.4800741      0.4800000
     -0.4680000      0.4593249      0.4727012      0.4684551      0.4679017      0.4680000
     -0.4560000      0.4441557      0.4622992      0.4561804      0.4559133      0.4560000
     -0.4440000      0.4290658      0.4517448      0.4438038      0.4440887      0.4440000
     -0.4320000      0.4140768      0.4410014      0.4315300      0.4320988      0.4320000
     -0.4200000      0.3992098      0.4300361      0.4195107      0.4199220      0.4200000
     -0.4080000      0.3844860      0.4188201      0.4077610      0.4078897      0.4080000
     -0.3960000      0.3699265      0.4073295      0.3961489      0.3960662      0.3960000
     -0.3840000      0.3555517      0.3955459      0.3844643      0.3841213      0.3840000
     -0.3720000      0.3413822      0.3834566      0.3725312      0.3719468      0.3720000
     -0.3600000      0.3274382      0.3710550      0.3603050      0.3598682      0.3600000
     -0.3480000      0.3137393      0.3583414      0.3479009      0.3480389      0.3480000
     -0.3360000      0.3003051      0.3453225      0.3355364      0.3361418      0.3360000
     -0.3240000      0.2871547      0.3320123      0.3234156      0.3239769      0.3240000
     -0.3120000      0.2743068      0.3184313      0.3116169      0.3118487      0.3120000
     -0.3000000      0.2617796      0.3046072      0.3000438      0.3000056      0.3000000
     -0.2880000      0.2495909      0.2905745      0.2884695      0.2881605      0.2880000
     -0.2760000      0.2377581      0.2763739      0.2766551      0.2760138      0.2760000
     -0.2640000      0.2262979      0.2620526      0.2644810      0.2638307      0.2640000
     -0.2520000      0.2152267      0.2476634      0.2520210      0.2519644      0.2520000
     -0.2400000      0.2045601      0.2332644      0.2395145      0.2401779      0.2400000
     -0.2280000      0.1943134      0.2189185      0.2272454      0.2280604      0.2280000
     -0.2160000      0.1845011      0.2046925      0.2153878      0.2158136      0.2160000
     -0.2040000      0.1751371      0.1906570      0.2038984      0.2039110      0.2040000
     -0.1920000      0.1662348      0.1768847      0.1925204      0.1921952      0.1920000
     -0.1800000      0.1578068      0.1634507      0.1809061      0.1801227      0.1800000
     -0.1680000      0.1498650      0.1504309      0.1688028      0.1677952      0.1680000
     -0.1560000      0.1424208      0.1379014      0.1562077      0.1558363      0.1560000
     -0.1440000      0.1354848      0.1259378      0.1434025      0.1442160      0.1440000
     -0.1320000      0.1290667      0.1146141      0.1308346      0.1322156      0.1320000
     -0.1200000      0.1231758      0.1040022      0.1188874      0.1197691      0.1200000
     -0.1080000      0.1178203      0.0941709      0.1076479      0.1077153      0.1080000
     -0.0960000      0.1130080      0.0851847      0.0967968      0.0962538      0.0960000
     -0.0840000      0.1087456      0.0771041      0.0857014      0.0843842      0.0840000
     -0.0720000      0.1050391      0.0699837      0.0737042      0.0717035      0.0720000
     -0.0600000      0.1018940      0.0638725      0.0605038      0.0594562      0.0600000
     -0.0480000      0.0993145      0.0588128      0.0464668      0.0483992      0.0480000
     -0.0360000      0.0973045      0.0548401      0.0327198      0.0368444      0.0360000
     -0.0240000      0.0958667      0.0519822      0.0209498      0.0232308      0.0240000
     -0.0120000      0.0950032      0.0502593      0.0129588      0.0104774      0.0120000
      0.0000000      0.0947153      0.0496836      0.0101237      0.0050650      0.0001013
      0.0120000      0.0950032      0.0502593      0.0129588      0.0104774      0.0120000
      0.0240000      0.0958667      0.0519822      0.0209498      0.0232308      0.0240000
      0.0360000      0.0973045      0.0548401      0.0327198      0.0368444      0.0360000
      0.0480000      0.0993145      0.0588128      0.0464668      0.0483992      0.0480000
      0.0600000      0.1018940      0.0638725      0.0605038      0.0594562      0.0600000
      0.0720000      0.1050391      0.0699837      0.0737042      0.0717035      0.0720000
      0.0840000      0.1087456      0.0771041      0.0857014      0.0843842      0.0840000
      0.0960000      0.1130080      0.0851847      0.0967968      0.0962538      0.0960000
      0.1080000      0.1178203      0.0941709      0.1076479      0.1077153      0.1080000
      0.1200000      0.1231758      0.1040022      0.1188874      0.1197691      0.1200000
      0.1320000      0.1290667      0.1146141      0.1308346      0.1322156      0.1320000
      0.1440000      0.1354848      0.1259378      0.1434025      0.1442160      0.1440000
      0.1560000      0.1424208      0.1379014      0.1562077      0.1558363      0.1560000
      0.1680000      0.1498650      0.1504309      0.1688028      0.1677952      0.1680000
      0.1800000      0.1578068      0.1634507      0.1809061      0.1801227      0.1800000
      0.1920000      0.1662348      0.1768847      0.1925204      0.1921952      0.1920000
      0.2040000      0.1751371      0.1906570      0.2038984      0.2039110      0.2040000
      0.2160000      0.1845011      0.2046925      0.2153878      0.2158136      0.2160000
      0.2280000      0.1943134      0.2189185      0.2272454      0.2280604      0.2280000
      0.2400000      0.2045601      0.2332644      0.2395145      0.2401779      0.2400000
      0.2520000      0.2152267      0.2476634      0.2520210      0.2519644      0.2520000
      0.2640000      0.2262979      0.2620526      0.2644810      0.2638307      0.2640000
      0.2760000      0.2377581      0.2763739      0.2766551      0.2760138      0.2760000
      0.2880000      0.2495909      0.2905745      0.2884695      0.2881605      0.2880000
      0.3000000      0.2617796      0.3046072      0.3000438      0.3000056      0.3000000
      0.3120000      0.2743068      0.3184313      0.3116169      0.3118487      0.3120000
      0.3240000      0.2871547      0.3320123      0.3234156      0.3239769      0.3240000
      0.3360000      0.3003051      0.3453225      0.3355364      0.3361418      0.3360000
      0.3480000      0.3137393      0.3583414      0.3479009      0.3480389      0.3480000
      0.3600000      0.3274382      0.3710550      0.3603050      0.3598682      0.3600000
      0.3720000      0.3413822      0.3834566      0.3725312      0.3719468      0.3720000
      0.3840000      0.3555517      0.3955459      0.3844643      0.3841213      0.3840000
      0.3960000      0.3699265      0.4073295      0.3961489      0.3960662      0.3960000
      0.4080000      0.3844860      0.4188201      0.4077610      0.4078897      0.4080000
      0.4200000      0.3992098      0.4300361      0.4195107      0.4199220      0.4200000
      0.4320000      0.4140768      0.4410014      0.4315300      0.4320988      0.4320000
      0.4440000      0.4290658      0.4517448      0.4438038      0.4440887      0.4440000
      0.4560000      0.4441557      0.4622992      0.4561804      0.4559133      0.4560000
      0.4680000      0.4593249      0.4727012      0.4684551      0.4679017      0.4680000
      0.4800000      0.4745520      0.4829900      0.4804802      0.4800741      0.4800000
      0.4920000      0.4898152      0.4932072      0.4922434      0.4921069      0.4920000
      0.5040000      0.5050928      0.5033956      0.5038743      0.5039390      0.5040000
      0.5160000      0.5203633      0.5135984      0.5155735      0.5158856      0.5160000
      0.5280000      0.5356047      0.5238586      0.5275050      0.5280472      0.5280000
      0.5400000      0.5507956      0.5342184      0.5397072      0.5401209      0.5400000
      0.5520000      0.5659144      0.5447178      0.5520720      0.5519671      0.5520000
      0.5640000      0.5809394      0.5553944      0.5644018      0.5638735      0.5640000
      0.5760000      0.5958494      0.5662823      0.5765153      0.5760179      0.5760000
      0.5880000      0.6106233      0.5774118      0.5883468      0.5881310      0.5880000
      0.6000000      0.6252399      0.5888085      0.5999832      0.5999979      0.6000000
      0.6120000      0.6396785      0.6004927      0.6116199      0.6118655      0.6120000
      0.6240000      0.6539187      0.6124791      0.6234574      0.6239857      0.6240000
      0.6360000      0.6679401      0.6247763      0.6355912      0.6361369      0.6360000
      0.6480000      0.6817229      0.6373863      0.6479571      0.6480317      0.6480000
      0.6600000      0.6952474      0.6503046      0.6603608      0.6598617      0.6600000
      0.6720000      0.7084945      0.6635197      0.6725795      0.6719499      0.6720000
      0.6840000      0.7214453      0.6770132      0.6844835      0.6841384      0.6840000
      0.6960000      0.7340814      0.6907597      0.6961112      0.6960697      0.6960000
      0.7080000      0.7463849      0.7047271      0.7076562      0.7078626      0.7080000
      0.7200000      0.7583382      0.7188767      0.7193691      0.7199092      0.7200000
      0.7320000      0.7699244      0.7331633      0.7314214      0.7321350      0.7320000
      0.7440000      0.7811271      0.7475361      0.7438062      0.7441136      0.7440000
      0.7560000      0.7919303      0.7619386      0.7563298      0.7558689      0.7560000
      0.7680000      0.8023186      0.7763095      0.7687058      0.7678611      0.7680000
      0.7800000      0.8122773      0.7905831      0.7807077      0.7801255      0.7800000
      0.7920000      0.8217922      0.8046901      0.7923003      0.7921673      0.7920000
      0.8040000      0.8308498      0.8185584      0.8036778      0.8038820      0.8040000
      0.8160000      0.8394373      0.8321135      0.8151766      0.8157998      0.8160000
      0.8280000      0.8475425      0.8452799      0.8271021      0.8281082      0.8280000
      0.8400000      0.8551537      0.8579813      0.8395515      0.8402394      0.8400000
      0.8520000      0.8622603      0.8701419      0.8523322      0.8519045      0.8520000
      0.8640000      0.8688521      0.8816869      0.8650302      0.8637114      0.8640000
      0.8760000      0.8749197      0.8925439      0.8772126      0.8760793      0.8760000
      0.8880000      0.8804545      0.9026428      0.8886728      0.8883538      0.8880000
      0.9000000      0.8854487      0.9119176      0.8995943      0.8999411      0.9000000
      0.9120000      0.8898951      0.9203065      0.9105288      0.9115518      0.9120000
      0.9240000      0.8937875      0.9277527      0.9221666      0.9240344      0.9240000
      0.9360000      0.8971203      0.9342053      0.9349691      0.9366024      0.9360000
      0.9480000      0.8998888      0.9396198      0.9488161      0.9479869      0.9480000
      0.9600000      0.9020889      0.9439583      0.9628268      0.9590924      0.9600000
      0.9720000      0.9037177      0.9471905      0.9754614      0.9720665      0.9720000
      0.9840000      0.9047728      0.9492934      0.9848968      0.9857560      0.9840000
      0.9960000      0.9052527      0.9502524      0.9895569      0.9942995      0.9959997
      1.0080000      0.9051567      0.9500604      0.9886052      0.9924454      0.9919999
      1.0200000      0.9044850      0.9487190      0.9822156      0.9814136      0.9800000
      1.0320000      0.9032385      0.9462376      0.9715150      0.9674915      0.9680000
      1.0440000      0.9014189      0.9426337      0.9582230      0.9552681      0.9560000
      1.0560000      0.8990289      0.9379328      0.9441229      0.9443263      0.9440000
      1.0680000      0.8960719      0.9321677      0.9305646      0.9325067      0.9320000
      1.0800000      0.8925520      0.9253786      0.9181717      0.9197882      0.9200000
      1.0920000      0.8884742      0.9176122      0.9068390      0.9076025      0.9080000
      1.1040000      0.8838445      0.9089215      0.8959855      0.8961363      0.8960000
      1.1160000      0.8786693      0.8993649      0.8849304      0.8843322      0.8840000
      1.1280000      0.8729559      0.8890057      0.8732290      0.8719172      0.8720000
      1.1400000      0.8667126      0.8779115      0.8608359      0.8597127      0.8600000
      1.1520000      0.8599481      0.8661531      0.8480579      0.8480425      0.8480000
      1.1640000      0.8526722      0.8538038      0.8353495      0.8362533      0.8360000
      1.1760000      0.8448951      0.8409390      0.8230678      0.8239890      0.8240000
      1.1880000      0.8366278      0.8276346      0.8113085      0.8117742      0.8120000
      1.2000000      0.8278822      0.8139667      0.7998897      0.7999855      0.8000000
      1.2120000      0.8186707      0.8000107      0.7884739      0.7882022      0.7880000
      1.2240000      0.8090063      0.7858403      0.7767557      0.7760356      0.7760000
      1.2360000      0.7989028      0.7715267      0.7646138      0.7638188      0.7640000
      1.2480000      0.7883745      0.7571382      0.7521573      0.7519467      0.7520000
      1.2600000      0.7774365      0.7427390      0.7396498      0.7401619      0.7400000
      1.2720000      0.7661042      0.7283889      0.7273624      0.7280682      0.7280000
      1.2840000      0.7543937      0.7141426      0.7154325      0.7158562      0.7160000
      1.2960000      0.7423218      0.7000490      0.7038013      0.7039191      0.7040000
      1.3080000      0.7299054      0.6861513      0.6922564      0.6921266      0.6920000
      1.3200000      0.7171624      0.6724859      0.6805519      0.6800917      0.6800000
      1.3320000      0.7041108      0.6590827      0.6685382      0.6678901      0.6680000
      1.3440000      0.6907691      0.6459648      0.6562366      0.6558993      0.6560000
      1.3560000      0.6771563      0.6331484      0.6438195      0.6440937      0.6440000
      1.3680000      0.6632918      0.6206424      0.6315143      0.6321083      0.6320000
      1.3800000      0.6491953      0.6084494      0.6194803      0.6199223      0.6200000
      1.3920000      0.6348867      0.5965650      0.6077274      0.6078856      0.6080000
      1.4040000      0.6203864      0.5849786      0.5961152      0.5960620      0.5960000
      1.4160000      0.6057151      0.5736735      0.5844320      0.5841192      0.5840000
      1.4280000      0.5908935      0.5626275      0.5725087      0.5719536      0.5720000
      1.4400000      0.5759428      0.5518136      0.5603085      0.5598772      0.5600000
      1.4520000      0.5608841      0.5412001      0.5479438      0.5480309      0.5480000
      1.4640000      0.5457390      0.5307516      0.5356137      0.5361251      0.5360000
      1.4760000      0.5305288      0.5204295      0.5234965      0.5239846      0.5240000
      1.4880000      0.5152753      0.5101931      0.5116542      0.5118737      0.5120000
      1.5000000      0.5000000      0.5000000      0.5000000      0.5000000      0.5000000
      1.5120000      0.4847247      0.4898069      0.4883458      0.4881263      0.4880000
      1.5240000      0.4694712      0.4795705      0.4765035      0.4760154      0.4760000
      1.5360000      0.4542610      0.4692484      0.4643863      0.4638749      0.4640000
      1.5480000      0.4391159      0.4587999      0.4520562      0.4519691      0.4520000
      1.5600000      0.4240572      0.4481864      0.4396915      0.4401228      0.4400000
      1.5720000      0.4091065      0.4373725      0.4274913      0.4280464      0.4280000
      1.5840000      0.3942849      0.4263265      0.4155680      0.4158808      0.4160000
      1.5960000      0.3796136      0.4150214      0.4038848      0.4039380      0.4040000
      1.6080000      0.3651133      0.4034350      0.3922726      0.3921144      0.3920000
      1.6200000      0.3508047      0.3915506      0.3805197      0.3800777      0.3800000
      1.6320000      0.3367082      0.3793576      0.3684857      0.3678917      0.3680000
      1.6440000      0.3228437      0.3668516      0.3561805      0.3559063      0.3560000
      1.6560000      0.3092309      0.3540352      0.3437634      0.3441007      0.3440000
      1.6680000      0.2958892      0.3409173      0.3314618      0.3321099      0.3320000
      1.6800000      0.2828376      0.3275141      0.3194481      0.3199083      0.3200000
      1.6920000      0.2700946      0.3138487      0.3077436      0.3078734      0.3080000
      1.7040000      0.2576782      0.2999510      0.2961987      0.2960809      0.2960000
      1.7160000      0.2456063      0.2858574      0.2845675      0.2841438      0.2840000
      1.7280000      0.2338958      0.2716111      0.2726376      0.2719318      0.2720000
      1.7400000      0.2225635      0.2572610      0.2603502      0.2598381      0.2600000
      1.7520000      0.2116255      0.2428618      0.2478427      0.2480533      0.2480000
      1.7640000      0.2010972      0.2284733      0.2353862      0.2361812      0.2360000
      1.7760000      0.1909937      0.2141597      0.2232443      0.2239644      0.2240000
      1.7880000      0.1813293      0.1999893      0.2115261      0.2117978      0.2120000
      1.8000000      0.1721178      0.1860333      0.2001103      0.2000145      0.2000000
      1.8120000      0.1633722      0.1723654      0.1886915      0.1882258      0.1880000
      1.8240000      0.1551049      0.1590610      0.1769322      0.1760110      0.1760000
      1.8360000      0.1473278      0.1461962      0.1646505      0.1637467      0.1640000
      1.8480000      0.1400519      0.1338469      0.1519421      0.1519575      0.1520000
      1.8600000      0.1332874      0.1220885      0.1391641      0.1402873      0.1400000
      1.8720000      0.1270441      0.1109943      0.1267710      0.1280828      0.1280000
      1.8840000      0.1213307      0.1006351      0.1150696      0.1156678      0.1160000
      1.8960000      0.1161555      0.0910785      0.1040145      0.1038637      0.1040000
      1.9080000      0.1115258      0.0823878      0.0931610      0.0923975      0.0920000
      1.9200000      0.1074480      0.0746214      0.0818283      0.0802118      0.0800000
      1.9320000      0.1039281      0.0678323      0.0694354      0.0674933      0.0680000
      1.9440000      0.1009711      0.0620672      0.0558771      0.0556737      0.0560000
      1.9560000      0.0985811      0.0573663      0.0417770      0.0447319      0.0440000
      1.9680000      0.0967615      0.0537624      0.0284850      0.0325085      0.0320000
      1.9800000      0.0955150      0.0512810      0.0177844      0.0185864      0.0200000
      1.9920000      0.0948433      0.0499396      0.0113948      0.0075546      0.0080001
      2.0040000      0.0947473      0.0497476      0.0104431      0.0057005      0.0040003
      2.0160000      0.0952272      0.0507066      0.0151032      0.0142440      0.0160000
      2.0280000      0.0962823      0.0528095      0.0245386      0.0279335      0.0280000
      2.0400000      0.0979111      0.0560417      0.0371732      0.0409076      0.0400000
      2.0520000      0.1001112      0.0603802      0.0511839      0.0520131      0.0520000
      2.0640000      0.1028797      0.0657947      0.0650309      0.0633976      0.0640000
      2.0760000      0.1062125      0.0722473      0.0778334      0.0759656      0.0760000
      2.0880000      0.1101049      0.0796935      0.0894712      0.0884482      0.0880000
      2.1000000      0.1145513      0.0880824      0.1004057      0.1000589      0.1000000
      2.1120000      0.1195455      0.0973572      0.1113272      0.1116462      0.1120000
      2.1240000      0.1250803      0.1074561      0.1227874      0.1239207      0.1240000
      2.1360000      0.1311479      0.1183131      0.1349698      0.1362886      0.1360000
      2.1480000      0.1377397      0.1298581      0.1476678      0.1480955      0.1480000
      2.1600000      0.1448463      0.1420187      0.1604485      0.1597606      0.1600000
      2.1720000      0.1524575      0.1547201      0.1728979      0.1718918      0.1720000
      2.1840000      0.1605627      0.1678865      0.1848234      0.1842002      0.1840000
      2.1960000      0.1691502      0.1814416      0.1963222      0.1961180      0.1960000
      2.2080000      0.1782078      0.1953099      0.2076997      0.2078327      0.2080000
      2.2200000      0.1877227      0.2094169      0.2192923      0.2198745      0.2200000
      2.2320000      0.1976814      0.2236905      0.2312942      0.2321389      0.2320000
      2.2440000      0.2080697      0.2380614      0.2436702      0.2441311      0.2440000
      2.2560000      0.2188729      0.2524639      0.2561938      0.2558864      0.2560000
      2.2680000      0.2300756      0.2668367      0.2685786      0.2678650      0.2680000
      2.2800000      0.2416618      0.2811233      0.2806309      0.2800908      0.2800000
      2.2920000      0.2536151      0.2952729      0.2923438      0.2921374      0.2920000
      2.3040000      0.2659186      0.3092403      0.3038888      0.3039303      0.3040000
      2.3160000      0.2785547      0.3229868      0.3155165      0.3158616      0.3160000
      2.3280000      0.2915055      0.3364803      0.3274205      0.3280501      0.3280000
      2.3400000      0.3047526      0.3496954      0.3396392      0.3401383      0.3400000
      2.3520000      0.3182771      0.3626137      0.3520429      0.3519683      0.3520000
      2.3640000      0.3320599      0.3752237      0.3644088      0.3638631      0.3640000
      2.3760000      0.3460813      0.3875209      0.3765426      0.3760143      0.3760000
      2.3880000      0.3603215      0.3995073      0.3883801      0.3881345      0.3880000
      2.4000000      0.3747601      0.4111915      0.4000168      0.4000021      0.4000000
      2.4120000      0.3893767      0.4225882      0.4116532      0.4118690      0.4120000
      2.4240000      0.4041506      0.4337177      0.4234847      0.4239821      0.4240000
      2.4360000      0.4190606      0.4446056      0.4355982      0.4361265      0.4360000
      2.4480000      0.4340856      0.4552822      0.4479280      0.4480329      0.4480000
      2.4600000      0.4492044      0.4657816      0.4602928      0.4598791      0.4600000
      2.4720000      0.4643953      0.4761414      0.4724950      0.4719528      0.4720000
      2.4840000      0.4796367      0.4864016      0.4844265      0.4841144      0.4840000
      2.4960000      0.4949072      0.4966044      0.4961257      0.4960610      0.4960000
      2.5080000      0.5101848      0.5067928      0.5077566      0.5078931      0.5080000
      2.5200000      0.5254480      0.5170100      0.5195198      0.5199259      0.5200000
      2.5320000      0.5406751      0.5272988      0.5315449      0.5320983      0.5320000
      2.5440000      0.5558443      0.5377008      0.5438196      0.5440867      0.5440000
      2.5560000      0.5709342      0.5482552      0.5561962      0.5559113      0.5560000
      2.5680000      0.5859232      0.5589986      0.5684700      0.5679012      0.5680000
      2.5800000      0.6007902      0.5699639      0.5804893      0.5800780      0.5800000
      2.5920000      0.6155140      0.5811799      0.5922390      0.5921103      0.5920000
      2.6040000      0.6300735      0.5926705      0.6038511      0.6039338      0.6040000
      2.6160000      0.6444483      0.6044541      0.6155357      0.6158787      0.6160000
      2.6280000      0.6586178      0.6165434      0.6274688      0.6280532      0.6280000
      2.6400000      0.6725618      0.6289450      0.6396950      0.6401318      0.6400000
      2.6520000      0.6862607      0.6416586      0.6520991      0.6519611      0.6520000
      2.6640000      0.6996949      0.6546775      0.6644636      0.6638582      0.6640000
      2.6760000      0.7128453      0.6679877      0.6765844      0.6760231      0.6760000
      2.6880000      0.7256932      0.6815687      0.6883831      0.6881513      0.6880000
      2.7000000      0.7382204      0.6953928      0.6999562      0.6999944      0.7000000
      2.7120000      0.7504091      0.7094255      0.7115305      0.7118395      0.7120000
      2.7240000      0.7622419      0.7236261      0.7233449      0.7239862      0.7240000
      2.7360000      0.7737021      0.7379474      0.7355190      0.7361693      0.7360000
      2.7480000      0.7847733      0.7523366      0.7479790      0.7480356      0.7480000
      2.7600000      0.7954399      0.7667356      0.7604855      0.7598221      0.7600000
      2.7720000      0.8056866      0.7810815      0.7727546      0.7719396      0.7720000
      2.7840000      0.8154989      0.7953075      0.7846122      0.7841864      0.7840000
      2.7960000      0.8248629      0.8093430      0.7961016      0.7960890      0.7960000
      2.8080000      0.8337652      0.8231153      0.8074796      0.8078048      0.8080000
      2.8200000      0.8421932      0.8365493      0.8190939      0.8198773      0.8200000
      2.8320000      0.8501350      0.8495691      0.8311972      0.8322048      0.8320000
      2.8440000      0.8575792      0.8620986      0.8437923      0.8441637      0.8440000
      2.8560000      0.8645152      0.8740622      0.8565975      0.8557840      0.8560000
      2.8680000      0.8709333      0.8853859      0.8691654      0.8677844      0.8680000
      2.8800000      0.8768242      0.8959978      0.8811126      0.8802309      0.8800000
      2.8920000      0.8821797      0.9058291      0.8923521      0.8922847      0.8920000
      2.9040000      0.8869920      0.9148153      0.9032032      0.9037462      0.9040000
      2.9160000      0.8912544      0.9228959      0.9142986      0.9156158      0.9160000
      2.9280000      0.8949609      0.9300163      0.9262958      0.9282965      0.9280000
      2.9400000      0.8981060      0.9361275      0.9394962      0.9405438      0.9400000
      2.9520000      0.9006855      0.9411872      0.9535332      0.9516008      0.9520000
      2.9640000      0.9026955      0.9451599      0.9672802      0.9631556      0.9640000
      2.9760000      0.9041333      0.9480178      0.9790502      0.9767692      0.9760000
      2.9880000      0.9049968      0.9497407      0.9870412      0.9895226      0.9880000
      3.0000000      0.9052847      0.9503164      0.9898763      0.9949350      0.9998987
